#GHCND_country_code GHCND_staid SACA_staid tn    tx    rr
AQ                  914000      1401      -1    -1    8612  
AQ                  914005      1402      -1    -1    8613  
AQ                  914135      1403      -1    -1    8614  
AQ                  914248      1405      -1    -1    8615  
AQ                  914397      1406      8616  8617  8618  
AQ                  914690      549       8619  8620  8621  
AQ                  914873      1408      8622  8623  8624  
AQ                  914902      1409      -1    -1    8625  
AS                  1000        1410      -1    -1    8626  
AS                  1001        1411      -1    -1    8627  
AS                  1003        1412      -1    -1    8628  
AS                  1004        1413      -1    -1    8629  
AS                  1005        1414      8630  8631  8632  
AS                  1006        1415      8633  8634  8635  
AS                  1007        1416      8636  8637  8638  
AS                  1008        1417      -1    -1    8639  
AS                  1009        1418      8640  8641  8642  
AS                  1010        1419      -1    -1    8643  
AS                  1012        1421      8644  8645  8646  
AS                  1013        1422      8647  8648  8649  
AS                  1016        1424      -1    -1    8650  
AS                  1018        1426      8651  8652  8653  
AS                  1019        1427      8654  8655  8656  
AS                  1021        1429      8663  8664  8665  
AS                  1022        1430      -1    -1    8666  
AS                  1023        1431      -1    -1    8667  
AS                  1024        1432      -1    -1    8668  
AS                  1025        1433      8669  8670  8671  
AS                  1026        1434      -1    -1    8672  
AS                  1027        1435      -1    -1    8673  
AS                  1028        1436      -1    -1    8674  
AS                  1030        1437      -1    -1    8675  
AS                  1031        1438      -1    -1    8676  
AS                  2000        1441      -1    -1    8677  
AS                  2001        1442      -1    -1    8678  
AS                  2002        1443      -1    -1    8679  
AS                  2003        1444      -1    -1    8680  
AS                  2005        1446      -1    -1    8681  
AS                  2006        1447      -1    -1    8682  
AS                  2007        1448      -1    -1    8683  
AS                  2008        1449      -1    -1    8684  
AS                  2009        1450      -1    -1    8685  
AS                  2010        1451      -1    -1    8686  
AS                  2011        1452      8687  8688  8689  
AS                  2012        1453      8690  8691  8692  
AS                  2013        1454      -1    -1    8693  
AS                  2014        1455      8694  8695  8696  
AS                  2015        1456      -1    -1    8697  
AS                  2016        1457      -1    -1    8698  
AS                  2017        1458      -1    -1    8699  
AS                  2018        1459      -1    -1    8700  
AS                  2019        1460      -1    -1    8701  
AS                  2020        1461      -1    -1    8702  
AS                  2021        1462      -1    -1    8703  
AS                  2022        1463      -1    -1    8704  
AS                  2023        1464      -1    -1    8705  
AS                  2024        1465      -1    -1    8706  
AS                  2025        1466      -1    -1    8707  
AS                  2026        1467      -1    -1    8708  
AS                  2027        1468      -1    -1    8709  
AS                  2028        1469      -1    -1    8710  
AS                  2029        1470      -1    -1    8711  
AS                  2030        1471      -1    -1    8712  
AS                  2031        1472      -1    -1    8713  
AS                  2032        1473      8714  8715  8716  
AS                  2033        1474      -1    -1    8717  
AS                  2035        1476      -1    -1    8718  
AS                  2037        1478      -1    -1    8719  
AS                  2038        1479      8720  8721  8722  
AS                  2040        1481      -1    -1    8723  
AS                  2041        1482      -1    -1    8724  
AS                  2042        1483      -1    -1    8725  
AS                  2043        1484      -1    -1    8726  
AS                  2044        1485      -1    -1    8727  
AS                  2047        1487      -1    -1    8728  
AS                  2048        1488      -1    -1    8729  
AS                  2049        1489      -1    -1    8730  
AS                  2050        1490      -1    -1    8731  
AS                  2051        1491      -1    -1    8732  
AS                  2052        1492      -1    -1    8733  
AS                  2053        1493      -1    -1    8734  
AS                  2056        1495      8735  8736  8737  
AS                  2060        1499      -1    -1    8738  
AS                  2061        1500      -1    -1    8739  
AS                  2062        1501      -1    -1    8740  
AS                  2064        563       8741  8742  8743  
AS                  2065        1503      -1    -1    8744  
AS                  2067        1505      -1    -1    8745  
AS                  2069        1506      -1    -1    8746  
AS                  2075        1509      -1    -1    8747  
AS                  3000        1510      -1    -1    8748  
AS                  3001        1511      -1    -1    8749  
AS                  3002        1512      8750  8751  8752  
AS                  3003        561       8753  8754  8755  
AS                  3004        1513      8756  8757  8758  
AS                  3005        1514      -1    -1    8759  
AS                  3006        1515      8760  8761  8762  
AS                  3007        1516      8763  8764  8765  
AS                  3008        1517      -1    -1    8766  
AS                  3009        1518      -1    -1    8767  
AS                  3010        1519      -1    -1    8768  
AS                  3011        1520      -1    -1    8769  
AS                  3012        1521      -1    -1    8770  
AS                  3013        1522      -1    -1    8771  
AS                  3014        1523      -1    -1    8772  
AS                  3015        1524      -1    -1    8773  
AS                  3016        1525      -1    -1    8774  
AS                  3017        1526      -1    -1    8775  
AS                  3018        1527      -1    -1    8776  
AS                  3019        1528      -1    -1    8777  
AS                  3020        1529      -1    -1    8778  
AS                  3021        1530      -1    -1    8779  
AS                  3022        1531      -1    -1    8780  
AS                  3023        1532      -1    -1    8781  
AS                  3024        1533      -1    -1    8782  
AS                  3025        1534      8783  8784  8785  
AS                  3026        1535      -1    -1    8786  
AS                  3027        1536      -1    -1    8787  
AS                  3028        1537      -1    -1    8788  
AS                  3029        1538      -1    -1    8789  
AS                  3030        560       8790  8791  8792  
AS                  3031        1539      -1    -1    8793  
AS                  3032        1540      8794  8795  8796  
AS                  3033        1541      -1    -1    8797  
AS                  3035        1542      -1    -1    8798  
AS                  3039        1545      -1    -1    8799  
AS                  3040        1546      8800  8801  8802  
AS                  3041        1547      -1    -1    8803  
AS                  3043        1549      -1    -1    8804  
AS                  3044        1550      -1    -1    8805  
AS                  3045        1551      -1    -1    8806  
AS                  3046        1552      -1    -1    8807  
AS                  3047        1553      -1    -1    8808  
AS                  3048        1554      -1    -1    8809  
AS                  3049        1555      -1    -1    8810  
AS                  3051        1557      8811  8812  8813  
AS                  3052        1558      -1    -1    8814  
AS                  3053        1559      -1    -1    8815  
AS                  3054        1560      -1    -1    8816  
AS                  3055        1561      -1    -1    8817  
AS                  3056        1562      -1    -1    8818  
AS                  3057        1563      8819  8820  8821  
AS                  3059        1565      8822  8823  8824  
AS                  3063        1569      -1    -1    8825  
AS                  3066        1572      -1    -1    8826  
AS                  3068        1573      -1    -1    8827  
AS                  3069        1574      8828  8829  8830  
AS                  3072        1575      -1    -1    8831  
AS                  3073        1576      -1    -1    8832  
AS                  3074        1577      -1    -1    8833  
AS                  3078        1581      8834  8835  8836  
AS                  3079        1582      -1    -1    8837  
AS                  3080        1583      8838  8839  8840  
AS                  3082        1585      -1    -1    8841  
AS                  3084        1587      -1    -1    8842  
AS                  3086        1589      -1    -1    8843  
AS                  3088        1591      -1    -1    8844  
AS                  3090        1592      -1    -1    8845  
AS                  3091        1593      -1    -1    8846  
AS                  3093        1595      8847  8848  8849  
AS                  3096        1597      8850  8851  8852  
AS                  3100        1599      -1    -1    8853  
AS                  4019        1603      8854  8855  8856  
AS                  4044        1604      -1    -1    8857  
AS                  4053        1605      -1    -1    8858  
AS                  4068        1606      -1    -1    8859  
AS                  5094        602       8860  8861  8862  
AS                  8290        572       8863  8864  8865  
AS                  9037        579       8866  8867  8868  
AS                  9500        1389      8869  8870  8871  
AS                  9617        608       8872  8873  8874  
AS                  9741        589       8875  8876  8877  
AS                  10007       640       8878  8879  8880  
AS                  10515       1387      8881  8882  8883  
AS                  10524       639       8884  8885  8886  
AS                  11017       641       8887  8888  8889  
AS                  12239       635       -1    -1    8890  
AS                  13007       630       8891  8892  8893  
AS                  14000       1607      -1    -1    8894  
AS                  14001       1608      -1    -1    8895  
AS                  14002       1609      -1    -1    8896  
AS                  14005       1611      -1    -1    8897  
AS                  14007       1613      -1    -1    8898  
AS                  14008       1614      8899  8900  8901  
AS                  14009       1615      -1    -1    8902  
AS                  14011       1617      8903  8904  8905  
AS                  14013       1618      -1    -1    8906  
AS                  14015       1620      8907  8908  8909  
AS                  14016       1621      8910  8911  8912  
AS                  14017       1622      -1    -1    8913  
AS                  14018       1623      -1    -1    8914  
AS                  14021       1626      -1    -1    8915  
AS                  14022       1627      -1    -1    8916  
AS                  14025       1628      -1    -1    8917  
AS                  14028       1629      -1    -1    8918  
AS                  14032       1630      -1    -1    8919  
AS                  14035       1631      -1    -1    8920  
AS                  14041       1635      8921  8922  8923  
AS                  14042       1636      8924  8925  8926  
AS                  14060       1648      -1    -1    8927  
AS                  14061       1649      -1    -1    8928  
AS                  14067       1652      -1    -1    8929  
AS                  14068       1653      -1    -1    8930  
AS                  14073       1656      -1    -1    8931  
AS                  14080       1660      -1    -1    8932  
AS                  14084       1661      -1    -1    8933  
AS                  14086       1662      -1    -1    8934  
AS                  14087       1663      8935  8936  8937  
AS                  14090       1665      8938  8939  8940  
AS                  14091       1666      -1    -1    8941  
AS                  14092       1667      -1    -1    8942  
AS                  14103       1672      8943  8944  8945  
AS                  14109       1677      -1    -1    8946  
AS                  14110       1678      -1    -1    8947  
AS                  14112       1679      -1    -1    8948  
AS                  14113       1680      -1    -1    8949  
AS                  14116       1681      -1    -1    8950  
AS                  14121       1683      -1    -1    8951  
AS                  14122       1684      -1    -1    8952  
AS                  14123       1685      -1    -1    8953  
AS                  14124       1686      -1    -1    8954  
AS                  14129       1688      -1    -1    8955  
AS                  14138       1692      -1    -1    8956  
AS                  14142       1694      8957  8958  8959  
AS                  14149       1700      -1    -1    8960  
AS                  14151       1702      -1    -1    8961  
AS                  14153       1703      8962  8963  8964  
AS                  14159       1707      -1    -1    8965  
AS                  14162       1710      -1    -1    8966  
AS                  14163       1711      -1    -1    8967  
AS                  14164       1712      -1    -1    8968  
AS                  14165       1713      -1    -1    8969  
AS                  14167       1715      -1    -1    8970  
AS                  14168       1716      -1    -1    8971  
AS                  14169       1717      -1    -1    8972  
AS                  14170       1718      -1    -1    8973  
AS                  14172       1720      -1    -1    8974  
AS                  14173       1721      -1    -1    8975  
AS                  14174       1722      -1    -1    8976  
AS                  14175       1723      -1    -1    8977  
AS                  14176       1724      -1    -1    8978  
AS                  14177       1725      -1    -1    8979  
AS                  14179       1727      -1    -1    8980  
AS                  14180       1728      -1    -1    8981  
AS                  14181       1729      -1    -1    8982  
AS                  14183       1731      -1    -1    8983  
AS                  14184       1732      -1    -1    8984  
AS                  14198       1742      8985  8986  8987  
AS                  14201       1743      -1    -1    8988  
AS                  14204       1746      -1    -1    8989  
AS                  14205       1747      -1    -1    8990  
AS                  14208       1749      -1    -1    8991  
AS                  14209       1750      -1    -1    8992  
AS                  14210       1751      -1    -1    8993  
AS                  14212       1752      -1    -1    8994  
AS                  14213       1753      8995  8996  8997  
AS                  14214       1754      -1    -1    8998  
AS                  14215       1755      -1    -1    8999  
AS                  14216       1756      -1    -1    9000  
AS                  14217       1757      -1    -1    9001  
AS                  14218       1758      -1    -1    9002  
AS                  14219       1759      -1    -1    9003  
AS                  14221       1761      -1    -1    9004  
AS                  14222       1762      -1    -1    9005  
AS                  14223       1763      -1    -1    9006  
AS                  14224       1764      -1    -1    9007  
AS                  14225       1765      -1    -1    9008  
AS                  14226       1766      -1    -1    9009  
AS                  14227       1767      -1    -1    9010  
AS                  14235       1772      -1    -1    9011  
AS                  14238       1774      -1    -1    9012  
AS                  14239       1775      -1    -1    9013  
AS                  14240       1776      -1    -1    9014  
AS                  14241       1777      -1    -1    9015  
AS                  14244       1780      -1    -1    9016  
AS                  14245       1781      -1    -1    9017  
AS                  14246       1782      -1    -1    9018  
AS                  14249       1785      -1    -1    9019  
AS                  14251       1787      -1    -1    9020  
AS                  14252       1788      -1    -1    9021  
AS                  14253       1789      9022  9023  9024  
AS                  14254       1790      -1    -1    9025  
AS                  14256       1792      -1    -1    9026  
AS                  14257       1793      -1    -1    9027  
AS                  14258       1794      -1    -1    9028  
AS                  14259       1795      -1    -1    9029  
AS                  14260       1796      -1    -1    9030  
AS                  14261       1797      -1    -1    9031  
AS                  14263       1798      -1    -1    9032  
AS                  14264       1799      -1    -1    9033  
AS                  14265       1800      -1    -1    9034  
AS                  14266       1801      -1    -1    9035  
AS                  14268       1803      -1    -1    9036  
AS                  14269       1804      -1    -1    9037  
AS                  14270       1805      -1    -1    9038  
AS                  14271       1806      -1    -1    9039  
AS                  14274       1807      9040  9041  9042  
AS                  14275       1808      -1    -1    9043  
AS                  14276       1809      -1    -1    9044  
AS                  14277       1810      9045  9046  9047  
AS                  14278       1811      -1    -1    9048  
AS                  14279       1812      -1    -1    9049  
AS                  14281       1814      -1    -1    9050  
AS                  14282       1815      -1    -1    9051  
AS                  14285       1818      -1    -1    9052  
AS                  14288       1821      -1    -1    9053  
AS                  14289       1822      -1    -1    9054  
AS                  14400       1824      9055  9056  9057  
AS                  14401       1825      9058  9059  9060  
AS                  14402       1826      9061  9062  9063  
AS                  14403       1827      -1    -1    9064  
AS                  14404       1828      -1    -1    9065  
AS                  14501       1832      -1    -1    9066  
AS                  14502       1833      9067  9068  9069  
AS                  14503       1834      -1    -1    9070  
AS                  14504       1835      9071  9072  9073  
AS                  14505       1836      -1    -1    9074  
AS                  14506       1837      9075  9076  9077  
AS                  14508       1838      9078  9079  9080  
AS                  14509       1839      -1    -1    9081  
AS                  14510       1840      -1    -1    9082  
AS                  14511       1841      -1    -1    9083  
AS                  14512       1842      9084  9085  9086  
AS                  14515       1845      -1    -1    9087  
AS                  14516       1846      -1    -1    9088  
AS                  14517       1847      9089  9090  9091  
AS                  14518       1848      9092  9093  9094  
AS                  14519       1849      -1    -1    9095  
AS                  14602       1852      -1    -1    9096  
AS                  14605       1854      -1    -1    9097  
AS                  14607       1856      -1    -1    9098  
AS                  14609       1858      9099  9100  9101  
AS                  14610       1859      -1    -1    9102  
AS                  14611       1860      -1    -1    9103  
AS                  14612       1861      9104  9105  9106  
AS                  14613       1862      -1    -1    9107  
AS                  14614       1863      -1    -1    9108  
AS                  14615       1864      -1    -1    9109  
AS                  14616       1865      -1    -1    9110  
AS                  14617       1866      -1    -1    9111  
AS                  14618       1867      9112  9113  9114  
AS                  14620       1869      -1    -1    9115  
AS                  14621       1870      -1    -1    9116  
AS                  14622       1871      -1    -1    9117  
AS                  14623       1872      -1    -1    9118  
AS                  14624       1873      -1    -1    9119  
AS                  14625       1874      -1    -1    9120  
AS                  14626       1875      9121  9122  9123  
AS                  14628       1877      -1    -1    9124  
AS                  14633       1881      9125  9126  9127  
AS                  14636       1884      -1    -1    9128  
AS                  14637       1885      -1    -1    9129  
AS                  14638       1886      -1    -1    9130  
AS                  14639       1887      -1    -1    9131  
AS                  14640       1888      -1    -1    9132  
AS                  14641       1889      -1    -1    9133  
AS                  14642       1890      -1    -1    9134  
AS                  14645       1893      -1    -1    9135  
AS                  14646       1894      -1    -1    9136  
AS                  14647       1895      -1    -1    9137  
AS                  14700       1903      -1    -1    9138  
AS                  14701       1904      -1    -1    9139  
AS                  14702       1905      -1    -1    9140  
AS                  14703       1906      9141  9142  9143  
AS                  14704       1907      9144  9145  9146  
AS                  14705       1908      -1    -1    9147  
AS                  14706       1909      -1    -1    9148  
AS                  14707       1910      9149  9150  9151  
AS                  14708       1911      -1    -1    9152  
AS                  14710       1913      9153  9154  9155  
AS                  14711       1914      -1    -1    9156  
AS                  14712       1915      -1    -1    9157  
AS                  14713       1916      -1    -1    9158  
AS                  14715       1918      -1    -1    9159  
AS                  14716       1919      -1    -1    9160  
AS                  14718       1920      -1    -1    9161  
AS                  14719       1921      -1    -1    9162  
AS                  14720       1922      -1    -1    9163  
AS                  14722       1924      -1    -1    9164  
AS                  14726       1926      -1    -1    9165  
AS                  14729       1929      -1    -1    9166  
AS                  14730       1930      -1    -1    9167  
AS                  14800       1932      -1    -1    9168  
AS                  14801       1933      -1    -1    9169  
AS                  14802       1934      -1    -1    9170  
AS                  14803       1935      -1    -1    9171  
AS                  14804       1936      -1    -1    9172  
AS                  14806       1937      -1    -1    9173  
AS                  14807       1938      -1    -1    9174  
AS                  14809       1939      -1    -1    9175  
AS                  14810       1940      -1    -1    9176  
AS                  14811       1941      -1    -1    9177  
AS                  14812       1942      -1    -1    9178  
AS                  14813       1943      -1    -1    9179  
AS                  14814       1944      -1    -1    9180  
AS                  14815       1945      -1    -1    9181  
AS                  14816       1946      -1    -1    9182  
AS                  14817       1947      -1    -1    9183  
AS                  14818       1948      -1    -1    9184  
AS                  14819       1949      -1    -1    9185  
AS                  14820       1950      -1    -1    9186  
AS                  14821       1951      -1    -1    9187  
AS                  14822       1952      -1    -1    9188  
AS                  14823       1953      -1    -1    9189  
AS                  14824       1954      -1    -1    9190  
AS                  14825       1955      9191  9192  9193  
AS                  14829       1958      9194  9195  9196  
AS                  14830       1959      -1    -1    9197  
AS                  14831       1960      -1    -1    9198  
AS                  14832       1961      -1    -1    9199  
AS                  14833       1962      -1    -1    9200  
AS                  14834       1963      -1    -1    9201  
AS                  14835       1964      -1    -1    9202  
AS                  14836       1965      9203  9204  9205  
AS                  14839       1967      -1    -1    9206  
AS                  14840       1968      9207  9208  9209  
AS                  14841       1969      -1    -1    9210  
AS                  14844       1970      -1    -1    9211  
AS                  14847       1972      9212  9213  9214  
AS                  14848       1973      -1    -1    9215  
AS                  14850       1975      9216  9217  9218  
AS                  14852       1977      -1    -1    9219  
AS                  14853       1978      -1    -1    9220  
AS                  14855       1980      -1    -1    9221  
AS                  14856       1981      -1    -1    9222  
AS                  14857       1982      -1    -1    9223  
AS                  14858       1983      -1    -1    9224  
AS                  14859       1984      -1    -1    9225  
AS                  14861       1986      -1    -1    9226  
AS                  14864       1987      -1    -1    9227  
AS                  14865       1988      -1    -1    9228  
AS                  14900       1992      -1    -1    9229  
AS                  14901       1993      9230  9231  9232  
AS                  14902       1994      9233  9234  9235  
AS                  14903       1995      9236  9237  9238  
AS                  14904       1996      -1    -1    9239  
AS                  14905       1997      -1    -1    9240  
AS                  14907       1999      -1    -1    9241  
AS                  14908       2000      9242  9243  9244  
AS                  14910       2002      -1    -1    9245  
AS                  14911       2003      -1    -1    9246  
AS                  14912       2004      -1    -1    9247  
AS                  14913       2005      -1    -1    9248  
AS                  14914       2006      -1    -1    9249  
AS                  14916       2008      -1    -1    9250  
AS                  14917       2009      -1    -1    9251  
AS                  14918       2010      -1    -1    9252  
AS                  14919       2011      -1    -1    9253  
AS                  14921       2013      -1    -1    9254  
AS                  14923       2015      -1    -1    9255  
AS                  14925       2017      -1    -1    9256  
AS                  14927       2018      -1    -1    9257  
AS                  14928       2019      -1    -1    9258  
AS                  14932       2021      9259  9260  9261  
AS                  14933       2022      -1    -1    9262  
AS                  14938       2027      9263  9264  9265  
AS                  14939       2028      -1    -1    9266  
AS                  14940       2029      -1    -1    9267  
AS                  14941       2030      -1    -1    9268  
AS                  14942       2031      -1    -1    9269  
AS                  14944       2033      -1    -1    9270  
AS                  14946       2034      -1    -1    9271  
AS                  14947       2035      -1    -1    9272  
AS                  14948       2036      9273  9274  9275  
AS                  14949       2037      9276  9277  9278  
AS                  14951       2039      -1    -1    9279  
AS                  14952       2040      -1    -1    9280  
AS                  14955       2041      -1    -1    9281  
AS                  14956       2042      -1    -1    9282  
AS                  14959       2044      -1    -1    9283  
AS                  14960       2045      9284  9285  9286  
AS                  15015       2056      -1    -1    9287  
AS                  15026       2057      -1    -1    9288  
AS                  15027       2058      -1    -1    9289  
AS                  15034       2059      9290  9291  9292  
AS                  15036       2060      -1    -1    9293  
AS                  15038       2061      -1    -1    9294  
AS                  15041       2062      -1    -1    9295  
AS                  15067       2064      -1    -1    9296  
AS                  15080       2065      -1    -1    9297  
AS                  15081       2066      -1    -1    9298  
AS                  15082       2067      -1    -1    9299  
AS                  15083       2068      -1    -1    9300  
AS                  15085       2069      9301  9302  9303  
AS                  15086       2070      -1    -1    9304  
AS                  15087       2071      9305  9306  9307  
AS                  15088       2072      -1    -1    9308  
AS                  15089       2073      9309  9310  9311  
AS                  15090       2074      -1    -1    9312  
AS                  15103       2076      -1    -1    9313  
AS                  15108       2077      -1    -1    9314  
AS                  15114       2078      -1    -1    9315  
AS                  15123       2079      -1    -1    9316  
AS                  15125       2081      -1    -1    9317  
AS                  15129       2083      -1    -1    9318  
AS                  15131       2084      9319  9320  9321  
AS                  15135       2088      9322  9323  9324  
AS                  15137       2090      -1    -1    9325  
AS                  15139       2091      -1    -1    9326  
AS                  15140       2092      -1    -1    9327  
AS                  15141       2093      -1    -1    9328  
AS                  15145       2096      -1    -1    9329  
AS                  15147       2097      -1    -1    9330  
AS                  15149       2098      -1    -1    9331  
AS                  15150       2099      -1    -1    9332  
AS                  15151       2100      -1    -1    9333  
AS                  23022       581       -1    -1    9334  
AS                  23035       581       -1    -1    9335  
AS                  27000       2102      -1    -1    9336  
AS                  27001       2103      -1    -1    9337  
AS                  27002       2104      -1    -1    9338  
AS                  27003       2105      -1    -1    9339  
AS                  27004       2106      -1    -1    9340  
AS                  27005       2107      9341  9342  9343  
AS                  27006       2108      9344  9345  9346  
AS                  27007       2109      -1    -1    9347  
AS                  27008       2110      -1    -1    9348  
AS                  27009       2111      -1    -1    9349  
AS                  27010       2112      -1    -1    9350  
AS                  27011       2113      -1    -1    9351  
AS                  27012       2114      -1    -1    9352  
AS                  27013       2115      -1    -1    9353  
AS                  27014       2116      -1    -1    9354  
AS                  27015       2117      9355  9356  9357  
AS                  27016       2118      -1    -1    9358  
AS                  27017       2119      -1    -1    9359  
AS                  27018       2120      -1    -1    9360  
AS                  27019       2121      -1    -1    9361  
AS                  27020       2122      -1    -1    9362  
AS                  27021       2123      -1    -1    9363  
AS                  27022       2124      9364  9365  9366  
AS                  27024       2125      -1    -1    9367  
AS                  27025       2126      -1    -1    9368  
AS                  27026       2127      -1    -1    9369  
AS                  27027       2128      -1    -1    9370  
AS                  27028       2129      -1    -1    9371  
AS                  27031       2131      -1    -1    9372  
AS                  27032       2132      -1    -1    9373  
AS                  27034       2134      -1    -1    9374  
AS                  27035       2135      -1    -1    9375  
AS                  27036       2136      -1    -1    9376  
AS                  27037       2137      -1    -1    9377  
AS                  27038       2138      -1    -1    9378  
AS                  27039       2139      -1    -1    9379  
AS                  27041       2141      -1    -1    9380  
AS                  27042       2142      9381  9382  9383  
AS                  27043       2143      -1    -1    9384  
AS                  27044       2144      -1    -1    9385  
AS                  27045       2145      9386  9387  9388  
AS                  27046       2146      -1    -1    9389  
AS                  27049       2148      -1    -1    9390  
AS                  27050       2149      -1    -1    9391  
AS                  27052       2151      -1    -1    9392  
AS                  27054       2152      9393  9394  9395  
AS                  27055       2153      -1    -1    9396  
AS                  27056       2154      -1    -1    9397  
AS                  27058       2156      9398  9399  9400  
AS                  27061       2158      -1    -1    9401  
AS                  27062       2159      -1    -1    9402  
AS                  27063       2160      -1    -1    9403  
AS                  27064       2161      -1    -1    9404  
AS                  27066       2163      -1    -1    9405  
AS                  27067       2164      -1    -1    9406  
AS                  28000       2172      -1    -1    9407  
AS                  28001       2173      -1    -1    9408  
AS                  28002       2174      -1    -1    9409  
AS                  28003       2175      -1    -1    9410  
AS                  28004       2176      9411  9412  9413  
AS                  28005       2177      -1    -1    9414  
AS                  28006       2178      -1    -1    9415  
AS                  28007       2179      9416  9417  9418  
AS                  28008       2180      9419  9420  9421  
AS                  28009       2181      -1    -1    9422  
AS                  28010       2182      -1    -1    9423  
AS                  28011       2183      -1    -1    9424  
AS                  28012       2184      -1    -1    9425  
AS                  28013       2185      -1    -1    9426  
AS                  28014       2186      -1    -1    9427  
AS                  28015       2187      -1    -1    9428  
AS                  28016       2188      -1    -1    9429  
AS                  28017       2189      -1    -1    9430  
AS                  28018       2190      -1    -1    9431  
AS                  28019       2191      -1    -1    9432  
AS                  28022       2194      -1    -1    9433  
AS                  28023       2195      -1    -1    9434  
AS                  28024       2196      -1    -1    9435  
AS                  28025       2197      -1    -1    9436  
AS                  28026       2198      -1    -1    9437  
AS                  28027       2199      -1    -1    9438  
AS                  28028       2200      -1    -1    9439  
AS                  28031       2202      -1    -1    9440  
AS                  29000       2208      -1    -1    9441  
AS                  29001       2209      -1    -1    9442  
AS                  29002       2210      -1    -1    9443  
AS                  29004       2211      9444  9445  9446  
AS                  29007       2212      -1    -1    9447  
AS                  29012       2213      9448  9449  9450  
AS                  29013       2214      -1    -1    9451  
AS                  29014       2215      -1    -1    9452  
AS                  29016       2216      -1    -1    9453  
AS                  29019       2217      -1    -1    9454  
AS                  29021       2218      -1    -1    9455  
AS                  29023       2219      -1    -1    9456  
AS                  29024       2220      -1    -1    9457  
AS                  29027       2221      -1    -1    9458  
AS                  29028       2222      9459  9460  9461  
AS                  29029       2223      -1    -1    9462  
AS                  29031       2224      -1    -1    9463  
AS                  29032       2225      -1    -1    9464  
AS                  29033       2226      -1    -1    9465  
AS                  29035       2227      -1    -1    9466  
AS                  29036       2228      -1    -1    9467  
AS                  29037       2229      -1    -1    9468  
AS                  29038       2230      9469  9470  9471  
AS                  29039       2231      9472  9473  9474  
AS                  29040       2232      -1    -1    9475  
AS                  29041       2233      9476  9477  9478  
AS                  29044       2234      -1    -1    9479  
AS                  29045       2235      -1    -1    9480  
AS                  29047       2237      -1    -1    9481  
AS                  29048       2238      -1    -1    9482  
AS                  29050       2239      -1    -1    9483  
AS                  29052       2240      -1    -1    9484  
AS                  29053       2241      -1    -1    9485  
AS                  29054       2242      -1    -1    9486  
AS                  29057       2244      -1    -1    9487  
AS                  29059       2245      -1    -1    9488  
AS                  29060       2246      -1    -1    9489  
AS                  29061       2247      -1    -1    9490  
AS                  29062       2248      -1    -1    9491  
AS                  29063       2249      9492  9493  9494  
AS                  29065       2250      -1    -1    9495  
AS                  29066       2251      -1    -1    9496  
AS                  29068       2252      -1    -1    9497  
AS                  29069       2253      -1    -1    9498  
AS                  29070       2254      -1    -1    9499  
AS                  29071       2255      -1    -1    9500  
AS                  29072       2256      -1    -1    9501  
AS                  29073       2257      -1    -1    9502  
AS                  29074       2258      -1    -1    9503  
AS                  29076       2259      -1    -1    9504  
AS                  29077       2260      9505  9506  9507  
AS                  29080       2262      -1    -1    9508  
AS                  29081       2263      -1    -1    9509  
AS                  29082       2264      -1    -1    9510  
AS                  29083       2265      -1    -1    9511  
AS                  29086       2268      -1    -1    9512  
AS                  29087       2269      -1    -1    9513  
AS                  29091       2270      -1    -1    9514  
AS                  29092       2271      -1    -1    9515  
AS                  29093       2272      -1    -1    9516  
AS                  29094       2273      -1    -1    9517  
AS                  29096       2275      -1    -1    9518  
AS                  29100       2276      -1    -1    9519  
AS                  29110       2277      -1    -1    9520  
AS                  29111       2278      -1    -1    9521  
AS                  29113       2280      -1    -1    9522  
AS                  29114       2281      -1    -1    9523  
AS                  29115       2282      -1    -1    9524  
AS                  29117       2283      -1    -1    9525  
AS                  29137       2284      -1    -1    9526  
AS                  29139       2285      9527  9528  9529  
AS                  29148       2286      -1    -1    9530  
AS                  29152       2287      -1    -1    9531  
AS                  29154       2289      -1    -1    9532  
AS                  29156       2290      -1    -1    9533  
AS                  29159       2291      -1    -1    9534  
AS                  29163       2292      -1    -1    9535  
AS                  29164       2293      -1    -1    9536  
AS                  30000       2301      -1    -1    9537  
AS                  30005       2303      -1    -1    9538  
AS                  30008       2304      -1    -1    9539  
AS                  30011       2305      -1    -1    9540  
AS                  30013       2306      -1    -1    9541  
AS                  30014       2307      -1    -1    9542  
AS                  30018       2309      9543  9544  9545  
AS                  30019       2310      -1    -1    9546  
AS                  30027       2311      -1    -1    9547  
AS                  30030       2312      -1    -1    9548  
AS                  30032       2313      -1    -1    9549  
AS                  30036       2314      9550  9551  9552  
AS                  30039       2315      -1    -1    9553  
AS                  30042       2316      -1    -1    9554  
AS                  30046       2317      -1    -1    9555  
AS                  30048       2318      -1    -1    9556  
AS                  30052       2319      -1    -1    9557  
AS                  30055       2320      -1    -1    9558  
AS                  30059       2322      -1    -1    9559  
AS                  30060       2323      -1    -1    9560  
AS                  30061       2324      -1    -1    9561  
AS                  30068       2325      -1    -1    9562  
AS                  30069       2326      -1    -1    9563  
AS                  30070       2327      -1    -1    9564  
AS                  30073       2328      -1    -1    9565  
AS                  30082       2329      -1    -1    9566  
AS                  30083       2330      -1    -1    9567  
AS                  30084       2331      -1    -1    9568  
AS                  30087       2333      -1    -1    9569  
AS                  30088       2334      -1    -1    9570  
AS                  30090       2335      -1    -1    9571  
AS                  30091       2336      -1    -1    9572  
AS                  30093       2337      -1    -1    9573  
AS                  30098       2338      -1    -1    9574  
AS                  30099       2339      -1    -1    9575  
AS                  30102       2340      -1    -1    9576  
AS                  30103       2341      -1    -1    9577  
AS                  30104       2342      -1    -1    9578  
AS                  30106       2343      -1    -1    9579  
AS                  30107       2344      -1    -1    9580  
AS                  30109       2346      -1    -1    9581  
AS                  30110       2347      -1    -1    9582  
AS                  30112       2349      -1    -1    9583  
AS                  30113       2350      -1    -1    9584  
AS                  30115       2352      -1    -1    9585  
AS                  30116       2353      -1    -1    9586  
AS                  30119       2354      -1    -1    9587  
AS                  30126       2356      -1    -1    9588  
AS                  30129       2357      -1    -1    9589  
AS                  30130       2358      -1    -1    9590  
AS                  30132       2360      -1    -1    9591  
AS                  30137       2361      -1    -1    9592  
AS                  30140       2362      -1    -1    9593  
AS                  30141       2363      -1    -1    9594  
AS                  30145       2364      -1    -1    9595  
AS                  30148       2365      -1    -1    9596  
AS                  30150       2366      -1    -1    9597  
AS                  30153       2367      -1    -1    9598  
AS                  30154       2368      -1    -1    9599  
AS                  30158       2370      -1    -1    9600  
AS                  30160       2371      -1    -1    9601  
AS                  31000       2372      -1    -1    9602  
AS                  31001       2373      -1    -1    9603  
AS                  31002       2374      -1    -1    9604  
AS                  31003       2375      -1    -1    9605  
AS                  31004       2376      -1    -1    9606  
AS                  31005       2377      -1    -1    9607  
AS                  31006       2378      -1    -1    9608  
AS                  31008       2380      -1    -1    9609  
AS                  31009       2381      -1    -1    9610  
AS                  31010       2382      9611  9612  9613  
AS                  31011       2383      9614  9615  9616  
AS                  31012       2384      -1    -1    9617  
AS                  31013       2385      -1    -1    9618  
AS                  31015       2387      -1    -1    9619  
AS                  31016       2388      9620  9621  9622  
AS                  31017       2389      9623  9624  9625  
AS                  31018       2390      -1    -1    9626  
AS                  31019       2391      -1    -1    9627  
AS                  31020       2392      -1    -1    9628  
AS                  31021       2393      -1    -1    9629  
AS                  31022       2394      -1    -1    9630  
AS                  31023       2395      -1    -1    9631  
AS                  31024       2396      -1    -1    9632  
AS                  31025       2397      -1    -1    9633  
AS                  31026       2398      -1    -1    9634  
AS                  31027       2399      -1    -1    9635  
AS                  31028       2400      -1    -1    9636  
AS                  31029       2401      9637  9638  9639  
AS                  31030       2402      -1    -1    9640  
AS                  31031       2403      -1    -1    9641  
AS                  31032       2404      -1    -1    9642  
AS                  31033       2405      -1    -1    9643  
AS                  31034       2406      9644  9645  9646  
AS                  31035       2407      -1    -1    9647  
AS                  31036       2408      -1    -1    9648  
AS                  31037       2409      9649  9650  9651  
AS                  31038       2410      -1    -1    9652  
AS                  31039       2411      -1    -1    9653  
AS                  31040       2412      -1    -1    9654  
AS                  31041       2413      -1    -1    9655  
AS                  31042       2414      -1    -1    9656  
AS                  31043       2415      -1    -1    9657  
AS                  31044       2416      -1    -1    9658  
AS                  31045       2417      -1    -1    9659  
AS                  31046       2418      -1    -1    9660  
AS                  31047       2419      -1    -1    9661  
AS                  31048       2420      -1    -1    9662  
AS                  31049       2421      -1    -1    9663  
AS                  31050       2422      -1    -1    9664  
AS                  31051       2423      -1    -1    9665  
AS                  31052       2424      -1    -1    9666  
AS                  31053       2425      -1    -1    9667  
AS                  31054       2426      -1    -1    9668  
AS                  31055       2427      -1    -1    9669  
AS                  31056       2428      -1    -1    9670  
AS                  31057       2429      -1    -1    9671  
AS                  31058       2430      -1    -1    9672  
AS                  31060       2432      -1    -1    9673  
AS                  31061       2433      -1    -1    9674  
AS                  31062       2434      -1    -1    9675  
AS                  31063       2435      -1    -1    9676  
AS                  31064       2436      -1    -1    9677  
AS                  31065       2437      -1    -1    9678  
AS                  31066       2438      9679  9680  9681  
AS                  31067       2439      -1    -1    9682  
AS                  31069       2441      -1    -1    9683  
AS                  31071       2443      -1    -1    9684  
AS                  31072       2444      -1    -1    9685  
AS                  31075       2447      -1    -1    9686  
AS                  31076       2448      9687  9688  9689  
AS                  31077       2449      -1    -1    9690  
AS                  31078       2450      -1    -1    9691  
AS                  31079       2451      -1    -1    9692  
AS                  31081       2452      -1    -1    9693  
AS                  31082       2453      -1    -1    9694  
AS                  31083       2454      9695  9696  9697  
AS                  31084       2455      9698  9699  9700  
AS                  31085       2456      -1    -1    9701  
AS                  31089       2458      -1    -1    9702  
AS                  31090       2459      -1    -1    9703  
AS                  31091       2460      -1    -1    9704  
AS                  31092       2461      -1    -1    9705  
AS                  31093       2462      -1    -1    9706  
AS                  31094       2463      -1    -1    9707  
AS                  31095       2464      -1    -1    9708  
AS                  31097       2466      -1    -1    9709  
AS                  31099       2468      -1    -1    9710  
AS                  31101       2470      -1    -1    9711  
AS                  31102       2471      -1    -1    9712  
AS                  31103       2472      -1    -1    9713  
AS                  31104       2473      -1    -1    9714  
AS                  31106       2475      -1    -1    9715  
AS                  31107       2476      -1    -1    9716  
AS                  31108       2477      9717  9718  9719  
AS                  31111       2479      -1    -1    9720  
AS                  31112       2480      -1    -1    9721  
AS                  31113       2481      -1    -1    9722  
AS                  31114       2482      -1    -1    9723  
AS                  31115       2483      -1    -1    9724  
AS                  31116       2484      -1    -1    9725  
AS                  31117       2485      -1    -1    9726  
AS                  31118       2486      -1    -1    9727  
AS                  31119       2487      -1    -1    9728  
AS                  31120       2488      -1    -1    9729  
AS                  31122       2489      -1    -1    9730  
AS                  31124       2491      -1    -1    9731  
AS                  31125       2492      -1    -1    9732  
AS                  31127       2494      -1    -1    9733  
AS                  31129       2496      -1    -1    9734  
AS                  31130       2497      -1    -1    9735  
AS                  31131       2498      -1    -1    9736  
AS                  31132       2499      -1    -1    9737  
AS                  31133       2500      -1    -1    9738  
AS                  31135       2502      -1    -1    9739  
AS                  31138       2505      -1    -1    9740  
AS                  31139       2506      -1    -1    9741  
AS                  31140       2507      -1    -1    9742  
AS                  31141       2508      -1    -1    9743  
AS                  31143       2509      -1    -1    9744  
AS                  31144       2510      -1    -1    9745  
AS                  31147       2513      -1    -1    9746  
AS                  31148       2514      -1    -1    9747  
AS                  31150       2516      -1    -1    9748  
AS                  31151       2517      -1    -1    9749  
AS                  31152       2518      -1    -1    9750  
AS                  31153       2519      -1    -1    9751  
AS                  31154       2520      -1    -1    9752  
AS                  31155       2521      -1    -1    9753  
AS                  31156       2522      -1    -1    9754  
AS                  31158       2523      -1    -1    9755  
AS                  31161       2524      -1    -1    9756  
AS                  31162       2525      -1    -1    9757  
AS                  31163       2526      -1    -1    9758  
AS                  31166       2528      -1    -1    9759  
AS                  31167       2529      -1    -1    9760  
AS                  31168       2530      -1    -1    9761  
AS                  31172       2531      -1    -1    9762  
AS                  31175       2533      -1    -1    9763  
AS                  31178       2536      -1    -1    9764  
AS                  31180       2538      -1    -1    9765  
AS                  31181       2539      -1    -1    9766  
AS                  31182       2540      -1    -1    9767  
AS                  31183       2541      -1    -1    9768  
AS                  31184       2542      -1    -1    9769  
AS                  31185       2543      -1    -1    9770  
AS                  31186       2544      -1    -1    9771  
AS                  31187       2545      -1    -1    9772  
AS                  31188       2546      -1    -1    9773  
AS                  31189       2547      -1    -1    9774  
AS                  31190       2548      9775  9776  9777  
AS                  31191       2549      -1    -1    9778  
AS                  31195       2551      -1    -1    9781  
AS                  31196       2552      -1    -1    9782  
AS                  31197       2553      -1    -1    9783  
AS                  31198       2554      -1    -1    9784  
AS                  31200       2556      -1    -1    9785  
AS                  31203       2559      -1    -1    9786  
AS                  31204       2560      -1    -1    9787  
AS                  31205       2561      -1    -1    9788  
AS                  31206       2562      -1    -1    9789  
AS                  31208       2564      -1    -1    9790  
AS                  31209       2565      9791  9792  9793  
AS                  31210       2566      9794  9795  9796  
AS                  31212       2567      -1    -1    9797  
AS                  32000       2569      -1    -1    9798  
AS                  32001       2570      -1    -1    9799  
AS                  32002       2571      -1    -1    9800  
AS                  32003       2572      -1    -1    9801  
AS                  32004       2573      9802  9803  9804  
AS                  32005       2574      9805  9806  9807  
AS                  32006       2575      -1    -1    9808  
AS                  32007       2576      -1    -1    9809  
AS                  32008       2577      -1    -1    9810  
AS                  32009       2578      -1    -1    9811  
AS                  32010       2579      -1    -1    9812  
AS                  32011       2580      -1    -1    9813  
AS                  32012       2581      -1    -1    9814  
AS                  32013       2582      -1    -1    9815  
AS                  32014       2583      -1    -1    9816  
AS                  32015       2584      -1    -1    9817  
AS                  32016       2585      -1    -1    9818  
AS                  32017       2586      -1    -1    9819  
AS                  32018       2587      -1    -1    9820  
AS                  32019       2588      -1    -1    9821  
AS                  32020       2589      -1    -1    9822  
AS                  32021       2590      -1    -1    9823  
AS                  32023       2591      -1    -1    9824  
AS                  32024       2592      -1    -1    9825  
AS                  32025       2593      9826  9827  9828  
AS                  32026       2594      -1    -1    9829  
AS                  32027       2595      -1    -1    9830  
AS                  32028       2596      -1    -1    9831  
AS                  32029       2597      -1    -1    9832  
AS                  32030       2598      -1    -1    9833  
AS                  32031       2599      -1    -1    9834  
AS                  32032       2600      -1    -1    9835  
AS                  32033       2601      -1    -1    9836  
AS                  32034       2602      -1    -1    9837  
AS                  32035       2603      -1    -1    9838  
AS                  32036       2604      -1    -1    9839  
AS                  32037       2605      9840  9841  9842  
AS                  32038       2606      -1    -1    9843  
AS                  32039       2607      -1    -1    9844  
AS                  32040       2608      9845  9846  9847  
AS                  32041       2609      -1    -1    9848  
AS                  32042       2610      -1    -1    9849  
AS                  32043       2611      -1    -1    9850  
AS                  32044       2612      -1    -1    9851  
AS                  32045       2613      -1    -1    9852  
AS                  32047       2615      -1    -1    9853  
AS                  32048       2616      -1    -1    9854  
AS                  32049       2617      -1    -1    9855  
AS                  32050       2618      -1    -1    9856  
AS                  32051       2619      -1    -1    9857  
AS                  32052       2620      -1    -1    9858  
AS                  32053       2621      -1    -1    9859  
AS                  32054       2622      -1    -1    9860  
AS                  32055       2623      -1    -1    9861  
AS                  32056       2624      -1    -1    9862  
AS                  32057       2625      -1    -1    9863  
AS                  32059       2627      -1    -1    9864  
AS                  32060       2628      -1    -1    9865  
AS                  32061       2629      9866  9867  9868  
AS                  32063       2631      -1    -1    9869  
AS                  32064       2632      -1    -1    9870  
AS                  32065       2633      -1    -1    9871  
AS                  32066       2634      -1    -1    9872  
AS                  32067       2635      -1    -1    9873  
AS                  32068       2636      -1    -1    9874  
AS                  32069       2637      -1    -1    9875  
AS                  32070       2638      -1    -1    9876  
AS                  32071       2639      -1    -1    9877  
AS                  32072       2640      -1    -1    9878  
AS                  32073       2641      -1    -1    9879  
AS                  32075       2643      -1    -1    9880  
AS                  32076       2644      -1    -1    9881  
AS                  32077       2645      -1    -1    9882  
AS                  32078       2646      9883  9884  9885  
AS                  32081       2648      -1    -1    9886  
AS                  32082       2649      -1    -1    9887  
AS                  32083       2650      -1    -1    9888  
AS                  32085       2651      -1    -1    9889  
AS                  32086       2652      -1    -1    9890  
AS                  32088       2654      -1    -1    9891  
AS                  32089       2655      -1    -1    9892  
AS                  32091       2657      -1    -1    9893  
AS                  32092       2658      -1    -1    9894  
AS                  32094       2660      -1    -1    9895  
AS                  32095       2661      -1    -1    9896  
AS                  32096       2662      -1    -1    9897  
AS                  32097       2663      -1    -1    9898  
AS                  32098       2664      -1    -1    9899  
AS                  32099       2665      -1    -1    9900  
AS                  32100       2666      -1    -1    9901  
AS                  32101       2667      -1    -1    9902  
AS                  32102       2668      -1    -1    9903  
AS                  32104       2669      -1    -1    9904  
AS                  32105       2670      -1    -1    9905  
AS                  32106       2671      -1    -1    9906  
AS                  32108       2673      -1    -1    9907  
AS                  32109       2674      -1    -1    9908  
AS                  32117       2678      -1    -1    9909  
AS                  32118       2679      -1    -1    9910  
AS                  32119       2680      -1    -1    9911  
AS                  32121       2681      -1    -1    9912  
AS                  32122       2682      -1    -1    9913  
AS                  32134       2689      -1    -1    9914  
AS                  32138       2693      -1    -1    9915  
AS                  32141       2694      9916  9917  9918  
AS                  32146       2696      -1    -1    9919  
AS                  32148       2697      -1    -1    9920  
AS                  32150       2698      -1    -1    9921  
AS                  32152       2700      -1    -1    9922  
AS                  32157       2702      -1    -1    9923  
AS                  32160       2701      -1    -1    9924  
AS                  32160       2704      -1    -1    9925  
AS                  32161       2705      -1    -1    9926  
AS                  32162       2706      -1    -1    9927  
AS                  32163       2707      -1    -1    9928  
AS                  32164       2708      -1    -1    9929  
AS                  32165       2709      -1    -1    9930  
AS                  32166       2710      -1    -1    9931  
AS                  32167       2711      -1    -1    9932  
AS                  32168       2712      -1    -1    9933  
AS                  32169       2713      -1    -1    9934  
AS                  32170       2714      -1    -1    9935  
AS                  32171       2715      -1    -1    9936  
AS                  32172       2716      -1    -1    9937  
AS                  32173       2717      -1    -1    9938  
AS                  32174       2718      -1    -1    9939  
AS                  32176       2720      -1    -1    9940  
AS                  32181       2723      -1    -1    9941  
AS                  32183       2724      -1    -1    9942  
AS                  32184       2725      -1    -1    9943  
AS                  32185       2726      -1    -1    9944  
AS                  32186       2727      -1    -1    9945  
AS                  33001       2733      9946  9947  9948  
AS                  33018       2734      -1    -1    9949  
AS                  33020       2735      -1    -1    9950  
AS                  33028       2736      -1    -1    9951  
AS                  33030       2737      -1    -1    9952  
AS                  33032       2738      -1    -1    9953  
AS                  33033       2739      -1    -1    9954  
AS                  33035       2740      -1    -1    9955  
AS                  33048       2741      -1    -1    9956  
AS                  33051       2742      -1    -1    9957  
AS                  33063       2743      -1    -1    9958  
AS                  33069       2744      -1    -1    9959  
AS                  33073       2745      -1    -1    9960  
AS                  33074       2746      -1    -1    9961  
AS                  33078       2747      -1    -1    9962  
AS                  33079       2748      -1    -1    9963  
AS                  33081       2749      -1    -1    9964  
AS                  33113       2750      -1    -1    9965  
AS                  33116       2751      -1    -1    9966  
AS                  33118       2752      -1    -1    9967  
AS                  33120       2753      -1    -1    9968  
AS                  33122       2754      -1    -1    9969  
AS                  33123       2755      -1    -1    9970  
AS                  33126       2756      -1    -1    9971  
AS                  33139       2757      -1    -1    9972  
AS                  33143       2758      -1    -1    9973  
AS                  33150       2759      -1    -1    9974  
AS                  33151       2760      -1    -1    9975  
AS                  33156       2761      -1    -1    9976  
AS                  33207       2763      -1    -1    9977  
AS                  33220       2767      -1    -1    9978  
AS                  33226       2768      -1    -1    9979  
AS                  33234       2769      -1    -1    9980  
AS                  33280       2773      -1    -1    9981  
AS                  33286       2774      -1    -1    9982  
AS                  33287       2775      -1    -1    9983  
AS                  33307       2778      9984  9985  9986  
AS                  34092       2780      -1    -1    9987  
AS                  36148       633       -1    -1    9988  
AS                  37010       2781      9989  9990  9991  
AS                  37115       2782      -1    -1    9992  
AS                  40215       575       -1    -1    9993  
AS                  40842       576       9994  9995  9996  
AS                  90037       591       -1    -1    9997  
BP                  91517       2783      9998  9999  10000 
CK                  96996       2785      10001 10002 10003 
FJ                  91650       532       10004 10005 10006 
FJ                  91680       535       10007 10008 10009 
FM                  914163      2786      -1    -1    10010 
FM                  914213      2787      -1    -1    10011 
FM                  914429      2791      -1    -1    10012 
FM                  914489      2792      -1    -1    10013 
FM                  914551      2793      10014 10015 10016 
FM                  914551      2798      10017 10018 10019 
FM                  914851      2796      10020 10021 10022 
FM                  914111      2803      10023 10024 10025 
FM                  914185      2804      10026 10027 10028 
FM                  914325      2805      10029 10030 10031 
FM                  914395      2806      10032 10033 10034 
FM                  914419      2807      10035 10036 10037 
FM                  914446      2808      10038 10039 10040 
FM                  914482      2809      10041 10042 10043 
FM                  914585      2810      -1    -1    10044 
FM                  914590      2811      -1    -1    10045 
FM                  914665      2812      10046 10047 10048 
FM                  914705      2813      -1    -1    10049 
FM                  914710      2814      10050 10051 10052 
FM                  914720      2815      10053 10054 10055 
FM                  914751      2816      10056 10057 10058 
FM                  914761      2817      10059 10060 10061 
FM                  914808      2818      -1    -1    10062 
FM                  914825      2819      -1    -1    10063 
FM                  914831      2820      10064 10065 10066 
FM                  914843      2821      10067 10068 10069 
FM                  914892      2822      10070 10071 10072 
FM                  914898      2823      10073 10074 10075 
FM                  914911      2824      10076 10077 10078 
FM                  914951      2825      10079 10080 10081 
ID                  96145       2826      10082 10083 10084 
ID                  96163       14        10085 10086 10087 
ID                  96805       2827      10088 10089 10090 
ID                  97014       50        10091 10092 10093 
ID                  97146       2828      10094 10095 10096 
ID                  97340       69        10097 10098 10099 
ID                  97372       70        10100 10101 10102 
ID                  97502       76        10103 10104 10105 
ID                  97560       78        10106 10107 10108 
ID                  97686       84        10109 10110 10111 
ID                  97690       85        10112 10113 10114 
ID                  97724       88        10115 10116 10117 
ID                  97900       95        10118 10119 10120 
ID                  97980       96        10121 10122 10123 
KR                  91610       2829      10124 10125 10126 
MY                  48657       2842      10127 10128 10129 
MY                  96465       718       10130 10131 10132 
PP                  92014       838       10143 10144 10145 
PP                  92035       840       10416 10417 10418 
PP                  92044       843       10419 10420 10421 
RP                  98232       502       10146 10147 10148 
RP                  98429       2845      10149 10150 10151 
RP                  98430       508       10152 10153 10154 
RP                  98444       2846      10155 10156 10157 
RP                  98755       2847      10158 10159 10160 
RP                  98836       2848      10161 10162 10163 
RP                  98851       530       10164 10165 10166 
RP                  41224       2853      10173 10174 10175 
RP                  41231       2859      10176 10177 10178 
TH                  48303       2861      10179 10180 10181 
TH                  48330       2862      10182 10183 10184 
TH                  48351       2863      10185 10186 10187 
TH                  48354       2864      10188 10189 10190 
TH                  48356       2865      10191 10192 10193 
TH                  48357       2866      10194 10195 10196 
TH                  48376       2867      10197 10198 10199 
TH                  48378       2868      10200 10201 10202 
TH                  48405       2869      10203 10204 10205 
TH                  48407       2870      10206 10207 10208 
TH                  48425       2871      10209 10210 10211 
TH                  48430       2872      10212 10213 10214 
TH                  48432       2873      10215 10216 10217 
TH                  48455       2874      10218 10219 10220 
TH                  48477       2875      10221 10222 10223 
TH                  48500       2876      10224 10225 10226 
TH                  48501       2877      10227 10228 10229 
TH                  48551       2878      10230 10231 10232 
TH                  48552       2879      10233 10234 10235 
TH                  48564       2880      10236 10237 10238 
TH                  48565       2881      10239 10240 10241 
TH                  48567       2882      10242 10243 10244 
TH                  48568       2883      10245 10246 10247 
VM                  48900       2891      10248 10249 10250 
